254	255	255	255	254	253	253	253	254	253	253	254	254	253	254	253	252	253	253	252	253	253	252	252	252	253	253	252	252	252	253	253	252	253	253	252	253	255	255	255	254	255	255	254	255	255	254	255	254	253
255	254	254	255	254	253	254	254	253	253	254	254	253	254	254	253	253	252	252	253	252	253	252	253	253	252	253	253	253	252	252	253	253	252	252	253	253	255	254	255	255	254	255	254	254	255	254	255	253	252
255	255	255	254	254	253	253	254	254	253	254	253	254	253	253	254	252	253	252	253	252	253	253	253	252	252	253	252	252	253	253	252	253	252	252	253	252	255	255	254	255	255	255	254	254	255	255	254	254	253
255	255	254	254	254	253	253	253	253	253	253	253	253	253	253	253	252	252	252	252	252	252	252	252	252	252	252	252	252	252	252	252	252	252	252	252	252	254	254	254	254	254	254	254	254	254	254	254	253	252
254	254	254	254	254	253	253	253	253	253	253	253	253	253	253	253	252	252	252	252	252	252	252	252	252	252	252	252	252	252	252	252	252	252	252	252	252	254	254	254	254	254	254	254	254	254	254	254	253	252
255	255	255	255	255	253	253	253	253	253	253	253	253	253	253	253	252	252	252	252	252	252	252	252	252	252	252	252	252	252	252	252	252	252	252	252	252	254	254	254	254	254	254	254	254	254	254	254	253	252
220	220	220	219	224	251	253	253	253	253	253	253	253	253	253	253	252	252	252	252	252	252	252	252	252	252	252	252	252	252	252	252	252	252	252	252	252	254	254	254	254	254	254	254	254	254	254	254	253	252
76	76	76	73 96	243	254	252	252	252	252	252	252	252	252	252	252	252	252	252	252	252	252	252	252	252	252	252	252	252	252	252	252	252	252	252	252	254	254	254	254	254	254	254	254	254	254	254	253	252
68	68	68 65	89	243	254	252	252	252	252	252	252	252	252	252	252	252	252	252	252	252	252	252	252	252	252	252	252	252	252	252	252	252	252	252	252	254	254	254	254	254	254	254	254	254	254	254	253	252
70	70	70	67	91 243	254	252	252	252	252	252	252	252	252	252	252	252	252	252	252	252	252	252	252	252	252	252	252	252	252	252	252	252	252	252	252	254	254	254	254	254	254	254	254	254	254	254	253	252
70	70	70	67	91 243	254	252	252	252	252	252	252	252	252	252	252	252	252	252	252	252	252	252	252	252	252	252	252	252	252	252	252	252	252	252	252	254	254	254	254	254	254	254	254	254	254	254	253	252
70	70	70	67	91	243	254	252	252	252	252	252	252	252	252	252	252	252	252	252	252	252	252	252	252	252	252	252	252	252	252	252	252	252	252	252	252	254	254	254	254	254	254	254	254	254	254	254	253	252
70	70	70	67	91	243	254	252	252	252	252	252	252	252	252	252	252	252	252	252	252	252	252	252	252	252	252	252	252	252	252	252	252	252	252	252	252	254	254	254	254	254	254	254	254	254	254	254	253	252
70	70	70	67	91	244	255	253	253	253	253	253	253	253	253	253	252	252	252	252	252	252	252	252	252	252	252	252	252	252	252	252	252	252	252	252	252	254	254	254	254	254	254	254	254	254	254	254	253	252
70	70	70	67	91	245	255	255	255	255	255	255	255	255	255	255	252	252	252	252	252	252	252	252	252	252	252	252	252	252	252	252	252	252	252	252	252	254	254	254	254	254	254	254	254	254	254	254	253	252
64	64	64	63	72	130	135	134	134	134	134	134	134	134	131	159	248	253	252	252	252	252	252	252	252	252	252	252	252	252	252	252	252	252	252	252	252	254	254	254	254	254	254	254	254	254	254	254	253	252
59	59	59	59	58	53	53	53	53	53	53	53	53	53	48	94	245	253	252	252	252	252	252	252	252	252	252	252	252	252	252	252	252	252	252	252	252	254	254	254	254	254	254	254	254	254	254	254	253	252
60	60	60	60	60	60	60	60	60	60	60	60	60	60	56	100	246	254	252	252	252	252	252	252	252	252	252	252	252	252	252	252	252	252	252	252	252	254	254	254	254	254	254	254	254	254	254	254	253	252
60	60	60	60	60	60	60	60	60	60	60	60	60	60	56	100	246	254	252	252	252	252	252	252	252	252	252	252	252	252	252	252	252	252	252	252	252	254	254	254	254	254	254	254	254	254	254	254	253	252
60	60	60	60	60	60	60	60	60	60	60	60	60	60	56	100	246	254	252	252	252	252	252	252	252	252	252	252	252	252	252	252	252	252	252	252	252	254	254	254	254	254	254	254	254	254	254	254	253	252
60	60	60	60	60	60	60	60	60	60	60	60	60	60	56	100	246	254	252	252	252	252	252	252	252	252	252	252	252	252	252	252	252	252	252	252	252	254	254	254	254	254	254	254	254	254	254	254	253	252
60	60	60	60	60	60	60	60	60	60	60	60	60	60	56	100	246	254	252	252	252	252	252	252	252	252	252	252	252	252	252	252	252	252	252	252	252	254	254	254	254	254	254	254	254	254	254	254	253	252
60	60	60	60	60	60	60	60	60	60	60	60	60	60	55	101	249	255	255	255	255	255	255	255	255	255	254	252	252	252	252	252	252	252	252	252	252	254	254	254	254	254	254	254	254	254	254	254	253	252
61	61	61	61	61	61	61	61	61	61	61	61	61	61	57	95	216	221	220	220	220	220	220	220	220	219	234	253	252	252	252	252	252	252	252	252	252	254	254	254	254	254	254	254	254	254	254	254	253	252
68	68	68	68	68	68	68	68	68	68	68	68	68	68	68	69	75	74	74	74	74	74	74	74	74	66	151	255	252	252	252	252	252	252	252	252	252	254	254	254	254	254	254	254	254	254	254	254	253	252
68	68	68	68	68	68	68	68	68	68	68	68	68	68	68	68	66	66	66	66	66	66	66	66	66	58	146	255	252	252	252	252	252	252	252	252	252	254	254	254	254	254	254	254	254	254	254	254	253	252
68	68	68	68	68	68	68	68	68	68	68	68	68	68	68	68	68	68	68	68	68	68	68	68	68	60	147	255	252	252	252	252	252	252	252	252	252	254	254	254	254	254	254	254	254	254	254	254	253	252
68	68	68	68	68	68	68	68	68	68	68	68	68	68	68	68	68	68	68	68	68	68	68	68	68	60	147	255	252	252	252	252	252	252	252	252	252	254	254	254	254	254	254	254	254	254	254	254	253	252
68	68	68	68	68	68	68	68	68	68	68	68	68	68	68	68	68	68	68	68	68	68	68	68	68	60	147	255	252	252	252	252	252	252	252	252	252	254	254	254	254	254	254	254	254	254	254	254	253	252
68	68	68	68	68	68	68	68	68	68	68	68	68	68	68	68	68	68	68	68	68	68	68	68	68	60	147	255	252	252	252	252	252	252	252	252	252	254	254	254	254	254	254	254	254	254	254	254	253	252
68	68	68	68	68	68	68	68	68	68	68	68	68	68	68	68	68	68	68	68	68	68	68	68	68	60	147	255	252	252	252	252	252	252	252	252	252	254	254	254	254	254	254	254	254	254	254	254	253	252
68	68	68	68	68	68	68	68	68	68	68	68	68	68	68	68	68	68	68	68	68	68	68	68	68	60	151	255	255	255	255	255	255	255	255	255	255	255	254	254	254	254	254	254	254	254	254	254	253	252
63	63	63	63	63	63	63	63	63	63	63	63	63	63	63	63	63	63	63	63	63	63	63	63	63	59	105	164	161	161	161	161	161	161	161	161	160	219	255	254	254	254	254	254	254	254	254	254	253	252
58	58	58	58	58	58	58	58	58	58	58	58	58	58	58	58	58	58	58	58	58	58	58	58	58	58	54	50	50	50	50	50	50	50	50	49	48	181	255	254	254	254	254	254	254	254	254	254	253	252
58	58	58	58	58	58	58	58	58	58	58	58	58	58	58	58	58	58	58	58	58	58	58	58	58	58	58	58	58	58	58	58	58	58	58	57	56	185	255	254	254	254	254	254	254	254	254	254	253	252
58	58	58	58	58	58	58	58	58	58	58	58	58	58	58	58	58	58	58	58	58	58	58	58	58	58	58	58	58	58	58	58	58	58	58	57	56	185	255	254	254	254	254	254	254	254	254	254	253	252
58	58	58	58	58	58	58	58	58	58	58	58	58	58	58	58	58	58	58	58	58	58	58	58	58	58	58	58	58	58	58	58	58	58	58	57	56	185	255	254	254	254	254	254	254	254	254	254	253	252
58	58	58	58	58	58	58	58	58	58	58	58	58	58	58	58	58	58	58	58	58	58	58	58	58	58	58	58	58	58	58	58	58	58	58	57	56	185	255	254	254	254	254	254	254	254	254	254	253	252
58	58	58	58	58	58	58	58	58	58	58	58	58	58	58	58	58	58	58	58	58	58	58	58	58	58	58	58	58	58	58	58	58	58	58	57	56	185	255	254	254	254	254	254	254	254	254	254	253	252
58	58	58	58	58	58	58	58	58	58	58	58	58	58	58	58	58	58	58	58	58	58	58	58	58	58	58	58	58	58	58	58	58	58	58	57	56	186	255	255	255	255	255	255	255	255	255	255	253	252
58	58	58	58	58	58	58	58	58	58	58	58	58	58	58	58	58	58	58	58	58	58	58	58	58	58	58	58	58	58	58	58	58	58	58	57	57	177	249	243	243	243	243	243	243	243	243	243	249	252
61	61	61	61	61	61	61	61	61	61	61	61	61	61	61	61	61	61	61	61	61	61	61	61	61	61	61	61	61	61	61	61	61	61	61	61	61	74	82	82	82	82	82	82	82	82	81	85	208	255
62	62	62	62	62	62	62	62	62	62	62	62	62	62	62	62	62	62	62	62	62	62	62	62	62	62	62	62	62	62	62	62	62	62	62	62	62	60	59	59	59	59	59	59	59	59	58	62	203	255
62	62	62	62	62	62	62	62	62	62	62	62	62	62	62	62	62	62	62	62	62	62	62	62	62	62	62	62	62	62	62	62	62	62	62	62	62	62	62	62	62	62	62	62	62	62	61	65	204	255
62	62	62	62	62	62	62	62	62	62	62	62	62	62	62	62	62	62	62	62	62	62	62	62	62	62	62	62	62	62	62	62	62	62	62	62	62	62	62	62	62	62	62	62	62	62	61	65	204	255
62	62	62	62	62	62	62	62	62	62	62	62	62	62	62	62	62	62	62	62	62	62	62	62	62	62	62	62	62	62	62	62	62	62	62	62	62	62	62	62	62	62	62	62	62	62	61	65	204	255
62	62	62	62	62	62	62	62	62	62	62	62	62	62	62	62	62	62	62	62	62	62	62	62	62	62	62	62	62	62	62	62	62	62	62	62	62	62	62	62	62	62	62	62	62	62	61	65	204	255
62	62	62	62	62	62	62	62	62	62	62	62	62	62	62	62	62	62	62	62	62	62	62	62	62	62	62	62	62	62	62	62	62	62	62	62	62	62	62	62	62	62	62	62	62	62	61	65	204	255
55	55	55	55	55	55	55	55	55	55	55	55	55	55	55	55	55	55	55	55	55	55	55	55	55	55	55	55	55	55	55	55	55	55	55	55	55	55	55	55	55	55	55	55	55	55	54	58	202	255
136	136	136	136	136	136	136	136	136	135	134	136	136	136	136	136	136	136	136	136	136	134	136	136	136	136	136	136	136	136	136	135	135	136	136	136	136	136	136	136	136	136	134	135	136	136	135	138	198	222